[app/ui]
version = 8.2.5
modtime = 1645664124.233716000

[app/launcher]
version = 8.2.5
modtime = 1645664124.255059100
